1
-0.057587
-0.745654
-0.236726
0.99617270 0.06441016 -0.05908713
-0.06041351 0.99591551 0.06710068
0.06316775 -0.06327420 0.99599509
0.03137349
2
-0.0887516
 -0.583757
 -0.256218
0.99854546 0.03319779 -0.04248366
-0.03355369 0.99940732 -0.00769171
0.04220313 0.00910600 0.99906755
0.03016441
3
-0.0854108
 -0.595735
 -0.255983
0.99855228 0.03204881 -0.04319977
-0.03205447 0.99948597 0.00056186
0.04319557 0.00082370 0.99906630
0.03537417
4
-0.0865233
 -0.624483
 -0.254086
0.99786850 0.04819081 -0.04400124
-0.04707919 0.99855377 0.02596008
0.04518864 -0.02383320 0.99869413
0.05300423
5
-0.0810278
 -0.631073
 -0.252514
0.99746007 0.04971235 -0.05101077
-0.04838438 0.99846524 0.02694650
0.05227206 -0.02440994 0.99833451
0.04159997
6
-0.0766589
 -0.636183
 -0.253891
0.99717079 0.05243668 -0.05385915
-0.05099543 0.99831203 0.02779484
0.05522571 -0.02496964 0.99816163
0.05326294
7
-0.0785121
 -0.637751
 -0.253771
0.99767823 0.04827517 -0.04803817
-0.04714320 0.99858948 0.02442496
0.04914953 -0.02210358 0.99854682
0.03849165
8
-0.0796597
 -0.635583
 -0.253356
0.99801980 0.04403445 -0.04491608
-0.04331005 0.99891744 0.01697608
0.04561499 -0.01499715 0.99884651
0.03462213
9
-0.0775569
 -0.633108
 -0.254841
0.99757766 0.04772882 -0.05060404
-0.04720441 0.99881895 0.01150851
0.05109356 -0.00909190 0.99865248
0.04051679
10
-0.0872706
 -0.628769
 -0.254416
0.99857786 0.04651986 -0.02604134
-0.04644359 0.99891469 0.00352655
0.02617713 -0.00231209 0.99965465
0.06818898
11
-0.0872984
 -0.617241
 -0.256795
0.99848075 0.04341596 -0.03392993
-0.04410309 0.99883131 -0.01977220
0.03303184 0.02123857 0.99922861
0.07557683
12
-0.0907827
 -0.604077
  -0.25787
0.99924584 0.02721644 -0.02769493
-0.02839091 0.99867431 -0.04293681
0.02648963 0.04369071 0.99869386
0.10222134
13
-0.0884147
  -0.59648
 -0.259476
0.99865846 0.03187220 -0.04080978
-0.03359397 0.99854325 -0.04222359
0.03940457 0.04353791 0.99827438
0.10299452
14
-0.0871794
 -0.600819
 -0.259018
0.99846168 0.03350411 -0.04417851
-0.03388938 0.99939356 -0.00800074
0.04388366 0.00948561 0.99899162
0.05094241
15
-0.0899179
 -0.587831
 -0.259662
0.99932788 0.01808204 -0.03188775
-0.01960705 0.99864628 -0.04817855
0.03097342 0.04877139 0.99832960
0.11353869
16
-0.088468
-0.580525
-0.260932
0.99885327 0.02476498 -0.04097373
-0.02691530 0.99824290 -0.05278902
0.03959441 0.05383130 0.99776474
0.10498984
17
-0.0854661
 -0.584492
 -0.260301
0.99821427 0.02939027 -0.05200474
-0.03024065 0.99942026 -0.01564120
0.05151489 0.01718593 0.99852434
0.04815515
18
-0.0827262
 -0.586882
 -0.260366
0.99794851 0.02904779 -0.05705261
-0.02924465 0.99956885 -0.00261839
0.05695195 0.00428150 0.99836774
0.05110712
19
-0.0824951
 -0.591963
 -0.260309
0.99761809 0.04440405 -0.05278669
-0.04354184 0.99890052 0.01737384
0.05350012 -0.01503403 0.99845466
0.07232350
20
-0.0815672
 -0.594198
 -0.260276
0.99790297 0.03853336 -0.05200819
-0.03774769 0.99915911 0.01600567
0.05258121 -0.01400891 0.99851839
0.05498332
21
-0.0859737
 -0.583985
  -0.26043
0.99948039 0.01719238 -0.02726472
-0.01833423 0.99894102 -0.04219824
0.02651036 0.04267619 0.99873717
0.08956750
22
-0.0868909
 -0.582562
 -0.260442
0.99932524 0.02124129 -0.02996456
-0.02223317 0.99920253 -0.03316612
0.02923617 0.03380994 0.99900057
0.06294255
23
-0.0884031
 -0.579446
 -0.260721
0.99919450 0.02847303 -0.02827780
-0.02950734 0.99888475 -0.03685896
0.02719678 0.03766368 0.99892031
0.06946834
24
-0.0851511
 -0.578861
 -0.260421
0.99838375 0.02531555 -0.05088239
-0.02667573 0.99929988 -0.02623290
0.05018267 0.02754783 0.99836006
0.06841434
25
-0.0873348
 -0.578345
  -0.26048
0.99897895 0.02823031 -0.03527181
-0.02896482 0.99937041 -0.02048978
0.03467117 0.02149050 0.99916769
0.04855992
26
-0.0872739
 -0.576115
 -0.260408
0.99897256 0.02446287 -0.03814953
-0.02558689 0.99924432 -0.02925906
0.03740494 0.03020512 0.99884359
0.05159264
27
-0.086613
 -0.57419
-0.260806
0.99882995 0.02253669 -0.04278819
-0.02394051 0.99918222 -0.03258455
0.04201885 0.03357079 0.99855266
0.04828472
28
-0.0872993
 -0.574558
 -0.260784
0.99873288 0.03206438 -0.03878792
-0.03288336 0.99924557 -0.02066358
0.03809609 0.02191287 0.99903379
0.03493005
29
-0.0885837
 -0.569463
 -0.261283
0.99904838 0.02947566 -0.03214838
-0.03101112 0.99834855 -0.04835782
0.03066991 0.04930876 0.99831258
0.08779172
30
-0.0848126
 -0.571877
 -0.261098
0.99742947 0.03750006 -0.06105903
-0.03850869 0.99913918 -0.01542636
0.06042798 0.01773801 0.99801494
0.07697984
31
-0.0894649
 -0.562479
 -0.261175
0.99962784 0.02035983 -0.01815624
-0.02175719 0.99652396 -0.08041529
0.01645589 0.08078039 0.99659607
0.15120380
32
-0.0912633
 -0.560326
 -0.261387
0.99965052 0.02109181 -0.01593669
-0.02207768 0.99767653 -0.06445239
0.01454025 0.06478171 0.99779352
0.11705187
33
-0.093032
-0.559854
-0.261515
0.99933069 0.03269552 -0.01640650
-0.03336924 0.99853372 -0.04262508
0.01498880 0.04314402 0.99895642
0.08959953
34
-0.0946267
 -0.557357
 -0.261489
0.99945099 0.02936552 -0.01534206
-0.03008608 0.99834249 -0.04906228
0.01387589 0.04949693 0.99867788
0.08981853
35
-0.0953565
  -0.55854
  -0.26123
0.99905794 0.03678962 -0.02301654
-0.03734907 0.99900512 -0.02436819
0.02209715 0.02520488 0.99943806
0.04841286
36
-0.0942917
 -0.560049
 -0.261416
0.99836880 0.04071998 -0.04002033
-0.04108399 0.99912109 -0.00831528
0.03964656 0.00994591 0.99916427
0.04593503
37
-0.0953916
 -0.558899
 -0.261471
0.99906838 0.03130274 -0.02970725
-0.03199652 0.99921931 -0.02317314
0.02895867 0.02410208 0.99928999
0.03346083
38
-0.093595
-0.557601
-0.261396
0.99871820 0.02082418 -0.04613366
-0.02235344 0.99920915 -0.03288451
0.04541238 0.03387360 0.99839386
0.07352567
39
-0.0937284
 -0.561551
 -0.261084
0.99841575 0.03639351 -0.04291263
-0.03603281 0.99930872 0.00914944
0.04321594 -0.00758868 0.99903693
0.06964797
40
-0.0932458
 -0.559672
 -0.260981
0.99853552 0.03222575 -0.04345479
-0.03316267 0.99922901 -0.02101494
0.04274407 0.02242524 0.99883435
0.05635475
41
-0.0937486
 -0.560057
 -0.260923
0.99863100 0.03690420 -0.03707015
-0.03749912 0.99917670 -0.01548323
0.03646823 0.01685213 0.99919271
0.03667529
42
-0.092182
-0.560842
-0.260953
0.99811742 0.03293417 -0.05173923
-0.03343381 0.99940201 -0.00882103
0.05141778 0.01053426 0.99862167
0.05579717
43
-0.0928687
 -0.561208
 -0.260762
0.99865243 0.03453413 -0.03873904
-0.03493339 0.99934279 -0.00967703
0.03837940 0.01101727 0.99920250
0.03506450
44
-0.0925483
  -0.56226
 -0.260563
0.99847461 0.03635829 -0.04155157
-0.03655446 0.99932377 -0.00397094
0.04137909 0.00548378 0.99912847
0.04561624
45
-0.0919937
  -0.56209
 -0.260709
0.99847074 0.02982926 -0.04654447
-0.03038689 0.99947412 -0.01131908
0.04618236 0.01271611 0.99885209
0.05141363
46
-0.0919427
 -0.561081
 -0.260918
0.99861169 0.02791113 -0.04467285
-0.02898864 0.99929977 -0.02365664
0.04398129 0.02491880 0.99872153
0.04220725
47
-0.0913385
 -0.560101
 -0.261253
0.99851602 0.02738975 -0.04706966
-0.02889239 0.99908464 -0.03154537
0.04616256 0.03285851 0.99839338
0.04593637
48
-0.0899633
 -0.561671
 -0.261101
0.99788058 0.03186643 -0.05673516
-0.03242580 0.99943393 -0.00896602
0.05641733 0.01078670 0.99834900
0.05728580
49
-0.0904455
 -0.561348
 -0.261247
0.99852751 0.03266787 -0.04330835
-0.03342085 0.99930053 -0.01677783
0.04272996 0.01820052 0.99892086
0.03261174
50
-0.0914345
 -0.558405
 -0.261539
0.99933867 0.02079101 -0.02983207
-0.02229242 0.99845433 -0.05091158
0.02872746 0.05154294 0.99825751
0.07557313
51
-0.0915935
 -0.560145
 -0.261399
0.99865040 0.03820777 -0.03517885
-0.03873316 0.99914617 -0.01437611
0.03459954 0.01571929 0.99927763
0.03842072
52
-0.0922101
 -0.558901
 -0.261564
0.99894942 0.03434003 -0.03034490
-0.03524577 0.99893323 -0.02983517
0.02928799 0.03087336 0.99909411
0.05010210
53
-0.0920396
 -0.560546
 -0.261169
0.99840857 0.04219602 -0.03741430
-0.04238791 0.99909176 -0.00435025
0.03719675 0.00592924 0.99929037
0.04946063
54
-0.0915104
 -0.559205
 -0.261559
0.99852659 0.03251504 -0.04344446
-0.03375420 0.99903505 -0.02810034
0.04248886 0.02952537 0.99866058
0.04527680
55
-0.0911313
 -0.559519
 -0.261711
0.99820313 0.03702631 -0.04711228
-0.03796036 0.99909692 -0.01908787
0.04636298 0.02084197 0.99870721
0.04771194
56
-0.0899868
   -0.5621
 -0.261432
0.99720346 0.04660028 -0.05842664
-0.04588243 0.99885469 0.01356908
0.05899205 -0.01085038 0.99819948
0.09674467
57
-0.0895793
 -0.561271
 -0.261588
0.99779820 0.03757490 -0.05465241
-0.03826734 0.99919929 -0.01167876
0.05416982 0.01374445 0.99843714
0.04397425
58
-0.0895681
  -0.56039
 -0.261712
0.99821495 0.03519010 -0.04825524
-0.03644470 0.99901357 -0.02537050
0.04731485 0.02708386 0.99851278
0.03732069
59
-0.089636
-0.559334
 -0.26194
0.99842372 0.03488065 -0.04397052
-0.03643310 0.99872252 -0.03501381
0.04269305 0.03656060 0.99841906
0.05346223
60
-0.0895031
 -0.562146
 -0.261676
0.99767508 0.04992315 -0.04639080
-0.04941356 0.99870549 0.01206792
0.04693322 -0.00974753 0.99885047
0.07114731
61
-0.0895502
 -0.562602
 -0.261674
0.99746953 0.05417234 -0.04604227
-0.05403573 0.99853014 0.00420752
0.04620253 -0.00170894 0.99893063
0.05318363
62
-0.0899253
 -0.562427
 -0.261737
0.99843252 0.04146800 -0.03758855
-0.04183766 0.99908297 -0.00910136
0.03717666 0.01065971 0.99925185
0.03245730
63
-0.0901216
 -0.561353
  -0.26184
0.99843476 0.04085063 -0.03820027
-0.04187893 0.99877074 -0.02651717
0.03707007 0.02807545 0.99891820
0.04729137
64
-0.0906302
 -0.560677
 -0.261842
0.99885817 0.03500030 -0.03251681
-0.03603721 0.99884217 -0.03186914
0.03136373 0.03300457 0.99896297
0.04291990
65
-0.0892608
  -0.56122
 -0.261745
0.99785729 0.03596490 -0.05465672
-0.03696915 0.99916361 -0.01747479
0.05398252 0.01945796 0.99835228
0.07024174
66
-0.0898515
 -0.561433
 -0.261603
0.99842377 0.03941838 -0.03995207
-0.03998359 0.99910984 -0.01344803
0.03938640 0.01502426 0.99911110
0.03069484
67
-0.089209
-0.561409
-0.261781
0.99813442 0.03649211 -0.04894893
-0.03727912 0.99918833 -0.01526256
0.04835223 0.01705886 0.99868466
0.05071298
68
-0.0893634
 -0.561561
 -0.261753
0.99839075 0.03782675 -0.04224982
-0.03842702 0.99917039 -0.01348684
0.04170461 0.01508867 0.99901604
0.02256699
69
-0.0886321
 -0.562779
 -0.261922
0.99773232 0.04169220 -0.05283926
-0.04155081 0.99912927 0.00377208
0.05295052 -0.00156801 0.99859591
0.07072225
70
-0.0895951
 -0.562429
 -0.261872
0.99905864 0.03075600 -0.03059239
-0.03115327 0.99943526 -0.01259486
0.03018774 0.01353605 0.99945259
0.04602190
71
-0.0883854
 -0.563106
 -0.261715
0.99822109 0.02692824 -0.05319322
-0.02721756 0.99961838 -0.00472197
0.05304577 0.00616136 0.99857307
0.06263064
72
-0.0872379
 -0.565105
 -0.261533
0.99729148 0.03429796 -0.06506425
-0.03294569 0.99922058 0.02174420
0.06575932 -0.01954171 0.99764414
0.10869997
73
-0.087588
-0.563561
-0.261697
0.99849476 0.02762057 -0.04738483
-0.02872048 0.99932992 -0.02269036
0.04672636 0.02401712 0.99861896
0.03314954
74
-0.0870402
 -0.563736
 -0.261567
0.99810443 0.03153085 -0.05285221
-0.03247296 0.99932696 -0.01706239
0.05227864 0.01874631 0.99845657
0.05403913
75
-0.0881218
 -0.562562
 -0.261611
0.99936753 0.02223045 -0.02775499
-0.02326083 0.99903073 -0.03737028
0.02689733 0.03799225 0.99891597
0.06257064
76
-0.0876288
 -0.561509
 -0.261773
0.99888637 0.02243786 -0.04150384
-0.02429140 0.99870473 -0.04470789
0.04044693 0.04566629 0.99813758
0.07412961
