-------------------------------------------------------------------
After 1 iterations
--------------------------------------------------------------------
Average translation is:
-0.160476
-0.487995
-0.267703
Average transformation is: 
  0.999926  0.0100572 -0.0069065  -0.160476
-0.0104149   0.998494 -0.0538667  -0.487995
0.00635435  0.0539346   0.998524  -0.267703
         0          0          0          1
Average RMSE is: 0.0475071
RMSE on average transformation is: 0.0475071
[ INFO] [1517520202.610273421]: Velodyne scan received at 1.51752e+09
[ INFO] [1517520202.610315021]: marker_6dof received at 1.51752e+09


Initial Rot 0.000796274    -0.999999 -0.000796274
           0  0.000796274           -1
           1  0.000796274  6.34053e-07
26 -0.605559 -0.415079 1.73709 -0.282454 1.52788 -1.66392 582 0.100285 -0.250763 1.77747 -0.922035 1.72168 -1.83867 
[ INFO] [1517520202.612558901]: iteration number: 1

46
test
---------Moving on to next marker--------
---------Moving on to next marker--------
Num points is:8
    1.38028    0.278093  -0.0642333
   0.221176    0.406517  -0.0524528
-0.00325911  -0.0258292   0.0388831
RMSE: 0.0276508
Rigid-body transformation: 
  0.998896  0.0311126 -0.0351875  -0.101903
-0.0325864   0.998581  -0.042116  -0.509683
 0.0338273  0.0432161   0.998493  -0.271976
         0          0          0          1
--------------------------------------------------------------------
After 2 iterations
--------------------------------------------------------------------
Average translation is:
-0.131189
-0.498839
 -0.26984
Average transformation is: 
  0.999567  0.0205482   -0.02108  -0.131189
-0.0215423   0.998612 -0.0480705  -0.498839
  0.020063  0.0485038   0.998621   -0.26984
         0          0          0          1
Average RMSE is: 0.037579
RMSE on average transformation is: 0.0290661
[ INFO] [1517520202.710711580]: Velodyne scan received at 1.51752e+09
[ INFO] [1517520202.710731307]: marker_6dof received at 1.51752e+09


Initial Rot 0.000796274    -0.999999 -0.000796274
           0  0.000796274           -1
           1  0.000796274  6.34053e-07
26 -0.605595 -0.415096 1.73724 -0.280768 1.52967 -1.65999 582 0.100291 -0.250728 1.77716 -0.924036 1.72125 -1.84041 
[ INFO] [1517520202.712054882]: iteration number: 2

45
test
---------Moving on to next marker--------
---------Moving on to next marker--------
Num points is:8
    1.36978    0.288875  -0.0609146
   0.245684    0.430105  -0.0458471
-0.00141911  -0.0269184   0.0353679
RMSE: 0.0225667
Rigid-body transformation: 
  0.999008   0.023174 -0.0380266 -0.0991781
-0.0239484   0.999512 -0.0200366  -0.562394
 0.0375438  0.0209274   0.999076  -0.267644
         0          0          0          1
--------------------------------------------------------------------
After 3 iterations
--------------------------------------------------------------------
Average translation is:
-0.120519
-0.520024
-0.269108
Average transformation is: 
  0.999325  0.0218026 -0.0295636  -0.120519
-0.0228067   0.999159 -0.0340619  -0.520024
 0.0287961  0.0347132   0.998982  -0.269108
         0          0          0          1
Average RMSE is: 0.0325749
RMSE on average transformation is: 0.0271581
[ INFO] [1517520202.839417254]: Velodyne scan received at 1.51752e+09
[ INFO] [1517520202.839452572]: marker_6dof received at 1.51752e+09


Initial Rot 0.000796274    -0.999999 -0.000796274
           0  0.000796274           -1
           1  0.000796274  6.34053e-07
26 -0.60563 -0.415106 1.73729 -0.281977 1.52978 -1.66058 582 0.100294 -0.250809 1.77773 -0.922992 1.72297 -1.8382 
[ INFO] [1517520202.841834798]: iteration number: 3

45
test
---------Moving on to next marker--------
---------Moving on to next marker--------
Num points is:8
     1.3638    0.293359  -0.0300146
   0.254746    0.411015  -0.0562525
-0.00193855  -0.0209598    0.041024
RMSE: 0.0388557
Rigid-body transformation: 
   0.999741   0.0221214 -0.00539215   -0.167645
 -0.0224666    0.996871  -0.0757794   -0.444831
 0.00369893   0.0758809     0.99711   -0.263181
          0           0           0           1
--------------------------------------------------------------------
After 4 iterations
--------------------------------------------------------------------
Average translation is:
  -0.1323
-0.501225
-0.267626
Average transformation is: 
  0.999609  0.0218374 -0.0174776    -0.1323
-0.0227678    0.99823 -0.0549335  -0.501225
  0.016247  0.0553099   0.998337  -0.267626
         0          0          0          1
Average RMSE is: 0.0341451
RMSE on average transformation is: 0.0435393
[ INFO] [1517520202.953137465]: Velodyne scan received at 1.51752e+09
[ INFO] [1517520202.953158951]: marker_6dof received at 1.51752e+09


Initial Rot 0.000796274    -0.999999 -0.000796274
           0  0.000796274           -1
           1  0.000796274  6.34053e-07
26 -0.605478 -0.415029 1.73697 -0.280804 1.52864 -1.66147 582 0.100283 -0.250748 1.77727 -0.924136 1.72209 -1.83974 
[ INFO] [1517520202.954369085]: iteration number: 4

49
test
---------Moving on to next marker--------
---------Moving on to next marker--------
Num points is:8
    1.36944    0.301028  -0.0660716
   0.227392    0.426146  -0.0611951
-0.00692995  -0.0271764   0.0307287
RMSE: 0.0307217
Rigid-body transformation: 
  0.998707  0.0405193 -0.0306845  -0.116327
-0.0422999   0.997314 -0.0597943  -0.474178
 0.0281793  0.0610149   0.997739  -0.275496
         0          0          0          1
--------------------------------------------------------------------
After 5 iterations
--------------------------------------------------------------------
Average translation is:
-0.129106
-0.495816
  -0.2692
Average transformation is: 
  0.999224  0.0311892 -0.0240701  -0.129106
-0.0325281   0.997821 -0.0573964  -0.495816
 0.0222276  0.0581348   0.998061    -0.2692
         0          0          0          1
Average RMSE is: 0.0334604
RMSE on average transformation is: 0.0356629
[ INFO] [1517520203.101215748]: Velodyne scan received at 1.51752e+09
[ INFO] [1517520203.101256899]: marker_6dof received at 1.51752e+09


Initial Rot 0.000796274    -0.999999 -0.000796274
           0  0.000796274           -1
           1  0.000796274  6.34053e-07
26 -0.605613 -0.415099 1.7373 -0.280408 1.52935 -1.66011 582 0.100273 -0.250752 1.77717 -0.923056 1.72106 -1.84033 
[ INFO] [1517520203.103071497]: iteration number: 5

47
test
---------Moving on to next marker--------
---------Moving on to next marker--------
Num points is:8
    1.35246    0.303957  -0.0211105
   0.249832    0.426714  -0.0384154
-0.00243825  -0.0231304   0.0408638
RMSE: 0.043584
Rigid-body transformation: 
  0.999512  0.0303715 -0.0073383  -0.164764
-0.0305737   0.999105 -0.0292212  -0.543571
0.00644424  0.0294313   0.999546  -0.267956
         0          0          0          1
--------------------------------------------------------------------
After 6 iterations
--------------------------------------------------------------------
Average translation is:
-0.135049
-0.503775
-0.268993
Average transformation is: 
  0.999401  0.0308405 -0.0157019  -0.135049
-0.0314952   0.998565 -0.0433173  -0.503775
 0.0143434  0.0437858   0.998938  -0.268993
         0          0          0          1
Average RMSE is: 0.0351477
RMSE on average transformation is: 0.0470914
[ INFO] [1517520203.206281906]: Velodyne scan received at 1.51752e+09
[ INFO] [1517520203.206306852]: marker_6dof received at 1.51752e+09


Initial Rot 0.000796274    -0.999999 -0.000796274
           0  0.000796274           -1
           1  0.000796274  6.34053e-07
26 -0.605614 -0.415084 1.73724 -0.282601 1.52973 -1.66167 582 0.100305 -0.250761 1.77759 -0.921917 1.72286 -1.83797 
[ INFO] [1517520203.207751380]: iteration number: 6

46
test
---------Moving on to next marker--------
---------Moving on to next marker--------
Num points is:8
    1.37769    0.299102  -0.0356399
   0.238628    0.406087   -0.061278
-0.00557413  -0.0228343   0.0530135
RMSE: 0.0525779
Rigid-body transformation: 
   0.999388   0.0344675 -0.00592056   -0.164738
 -0.0348378    0.996009  -0.0821739    -0.42683
  0.0030646   0.0823299      0.9966   -0.262309
          0           0           0           1
--------------------------------------------------------------------
After 7 iterations
--------------------------------------------------------------------
Average translation is:
 -0.13929
-0.492783
-0.268038
Average transformation is: 
   0.99941  0.0326068 -0.0107937   -0.13929
-0.0332215   0.997476 -0.0627533  -0.492783
0.00872027  0.0630748   0.997971  -0.268038
         0          0          0          1
Average RMSE is: 0.0376377
RMSE on average transformation is: 0.0612963
[ INFO] [1517520203.403492095]: Velodyne scan received at 1.51752e+09
[ INFO] [1517520203.403567092]: marker_6dof received at 1.51752e+09


Initial Rot 0.000796274    -0.999999 -0.000796274
           0  0.000796274           -1
           1  0.000796274  6.34053e-07
26 -0.605668 -0.415152 1.73744 -0.281506 1.52983 -1.66033 582 0.100312 -0.250763 1.77756 -0.922542 1.72277 -1.83839 
[ INFO] [1517520203.405569725]: iteration number: 7

46
test
---------Moving on to next marker--------
---------Moving on to next marker--------
Num points is:8
    1.36509    0.287281  -0.0349103
    0.24213    0.426073  -0.0453112
-0.00138541  -0.0243365   0.0367052
RMSE: 0.0242349
Rigid-body transformation: 
  0.999548  0.0249409  -0.016763  -0.143066
-0.0255428   0.998999  -0.036711  -0.529946
 0.0158306  0.0371226   0.999185  -0.267696
         0          0          0          1
--------------------------------------------------------------------
After 8 iterations
--------------------------------------------------------------------
Average translation is:
-0.139762
-0.497428
-0.267995
Average transformation is: 
  0.999492  0.0287547 -0.0137534  -0.139762
-0.0294056    0.99833 -0.0497306  -0.497428
 0.0123004  0.0501098   0.998668  -0.267995
         0          0          0          1
Average RMSE is: 0.0359624
RMSE on average transformation is: 0.0272721
[ INFO] [1517520203.517989714]: Velodyne scan received at 1.51752e+09
[ INFO] [1517520203.518026743]: marker_6dof received at 1.51752e+09


Initial Rot 0.000796274    -0.999999 -0.000796274
           0  0.000796274           -1
           1  0.000796274  6.34053e-07
26 -0.605611 -0.415092 1.73728 -0.282002 1.52932 -1.6614 582 0.100313 -0.250758 1.7776 -0.922025 1.72266 -1.83817 
[ INFO] [1517520203.519613935]: iteration number: 8

46
test
---------Moving on to next marker--------
---------Moving on to next marker--------
Num points is:8
    1.37404    0.296672  -0.0109934
   0.238254    0.401833  -0.0416347
-0.00673079  -0.0235461   0.0540121
RMSE: 0.0623305
Rigid-body transformation: 
   0.999431   0.0333157  0.00523598   -0.184965
 -0.0330548    0.998492  -0.0438287   -0.508191
-0.00668828   0.0436307    0.999025   -0.262012
          0           0           0           1
--------------------------------------------------------------------
After 9 iterations
--------------------------------------------------------------------
Average translation is:
-0.144785
-0.498624
 -0.26733
Average transformation is: 
   0.999509   0.0310507 -0.00426227   -0.144785
 -0.0312162    0.998418  -0.0467712   -0.498624
 0.00280325   0.0468813    0.998897    -0.26733
          0           0           0           1
Average RMSE is: 0.0388921
RMSE on average transformation is: 0.0659531
[ INFO] [1517520203.619208693]: Velodyne scan received at 1.51752e+09
[ INFO] [1517520203.619253773]: marker_6dof received at 1.51752e+09


Initial Rot 0.000796274    -0.999999 -0.000796274
           0  0.000796274           -1
           1  0.000796274  6.34053e-07
26 -0.60564 -0.415101 1.73733 -0.28089 1.52857 -1.6616 582 0.100298 -0.25073 1.77722 -0.922378 1.7219 -1.83944 
[ INFO] [1517520203.620765354]: iteration number: 9

45
test
---------Moving on to next marker--------
---------Moving on to next marker--------
Num points is:8
     1.3633    0.280116  -0.0658118
   0.243611    0.420356  -0.0641206
-3.8841e-05  -0.0249287   0.0378329
RMSE: 0.0178753
Rigid-body transformation: 
  0.999219  0.0196928 -0.0342609  -0.109196
-0.0219619     0.9975 -0.0671668   -0.46287
 0.0328525  0.0678668   0.997153  -0.269699
         0          0          0          1
--------------------------------------------------------------------
After 10 iterations
--------------------------------------------------------------------
Average translation is:
-0.141226
-0.495049
-0.267567
Average transformation is: 
   0.99949  0.0254509 -0.0192928  -0.141226
-0.0265127   0.998026 -0.0569374  -0.495049
 0.0178056  0.0574198   0.998191  -0.267567
         0          0          0          1
Average RMSE is: 0.0367905
RMSE on average transformation is: 0.0226695
[ INFO] [1517520203.813335293]: Velodyne scan received at 1.51752e+09
[ INFO] [1517520203.813415816]: marker_6dof received at 1.51752e+09


Initial Rot 0.000796274    -0.999999 -0.000796274
           0  0.000796274           -1
           1  0.000796274  6.34053e-07
26 -0.605438 -0.414988 1.73679 -0.28236 1.52804 -1.66375 582 0.100306 -0.250774 1.7777 -0.922666 1.72356 -1.83736 
[ INFO] [1517520203.817183564]: iteration number: 10

45
test
---------Moving on to next marker--------
---------Moving on to next marker--------
Num points is:8
   1.37941   0.301921 -0.0268571
  0.235231    0.41157 -0.0515934
-0.0012713 -0.0245961  0.0402417
RMSE: 0.0195293
Rigid-body transformation: 
   0.999277     0.03731 -0.00727175   -0.162464
 -0.0376641    0.997668  -0.0569147    -0.48376
 0.00513131   0.0571474    0.998353   -0.274385
          0           0           0           1
--------------------------------------------------------------------
After 11 iterations
--------------------------------------------------------------------
Average translation is:
-0.143157
-0.494022
-0.268187
Average transformation is: 
  0.999419  0.0313814 -0.0132825  -0.143157
-0.0320889   0.997864 -0.0569092  -0.494022
 0.0114683  0.0573024   0.998291  -0.268187
         0          0          0          1
Average RMSE is: 0.0352213
RMSE on average transformation is: 0.0237816
[ INFO] [1517520203.934272517]: Velodyne scan received at 1.51752e+09
[ INFO] [1517520203.934305061]: marker_6dof received at 1.51752e+09


Initial Rot 0.000796274    -0.999999 -0.000796274
           0  0.000796274           -1
           1  0.000796274  6.34053e-07
26 -0.605644 -0.415106 1.73733 -0.28335 1.52955 -1.66262 582 0.100301 -0.250744 1.77745 -0.922705 1.72258 -1.83866 
[ INFO] [1517520203.936077027]: iteration number: 11

45
test
---------Moving on to next marker--------
---------Moving on to next marker--------
Num points is:8
    1.36412    0.282946   -0.049866
   0.245534    0.421725  -0.0531345
-0.00107514   -0.026517   0.0355019
RMSE: 0.0280716
Rigid-body transformation: 
  0.999445  0.0204057 -0.0263194   -0.12364
-0.0215524   0.998797 -0.0440479  -0.511922
 0.0253889  0.0445907   0.998683  -0.264785
         0          0          0          1
--------------------------------------------------------------------
After 12 iterations
--------------------------------------------------------------------
Average translation is:
 -0.14153
-0.495514
-0.267904
Average transformation is: 
  0.999469  0.0258732 -0.0197838   -0.14153
-0.0268435   0.998365 -0.0504624  -0.495514
 0.0184458  0.0509667    0.99853  -0.267904
         0          0          0          1
Average RMSE is: 0.0346255
RMSE on average transformation is: 0.0287231
[ INFO] [1517520204.114791845]: Velodyne scan received at 1.51752e+09
[ INFO] [1517520204.114876082]: marker_6dof received at 1.51752e+09


Initial Rot 0.000796274    -0.999999 -0.000796274
           0  0.000796274           -1
           1  0.000796274  6.34053e-07
26 -0.605678 -0.415147 1.73749 -0.282042 1.52959 -1.66148 582 0.100301 -0.250744 1.77747 -0.922945 1.72303 -1.83819 
[ INFO] [1517520204.119038236]: iteration number: 12

46
test
---------Moving on to next marker--------
---------Moving on to next marker--------
Num points is:8
    1.37206    0.300825  -0.0539572
   0.227561    0.431446  -0.0126687
-0.00506704  -0.0274482   0.0349013
RMSE: 0.0300062
Rigid-body transformation: 
  0.998252  0.0403476 -0.0431796 -0.0913892
-0.0379523   0.997769  0.0549241  -0.711648
 0.0452994 -0.0531893   0.997556  -0.252699
         0          0          0          1
--------------------------------------------------------------------
After 13 iterations
--------------------------------------------------------------------
Average translation is:
-0.137673
 -0.51214
-0.266734
Average transformation is: 
    0.99896   0.0328061  -0.0316751   -0.137673
 -0.0327527    0.999461  0.00220132    -0.51214
  0.0317303 -0.00116158    0.999496   -0.266734
          0           0           0           1
Average RMSE is: 0.0342701
RMSE on average transformation is: 0.101053
[ INFO] [1517520204.252716123]: Velodyne scan received at 1.51752e+09
[ INFO] [1517520204.252747842]: marker_6dof received at 1.51752e+09


Initial Rot 0.000796274    -0.999999 -0.000796274
           0  0.000796274           -1
           1  0.000796274  6.34053e-07
26 -0.605486 -0.414986 1.73687 -0.280799 1.52695 -1.66389 582 0.100331 -0.250828 1.77791 -0.922641 1.72324 -1.83788 
[ INFO] [1517520204.254722625]: iteration number: 13

46
test
---------Moving on to next marker--------
---------Moving on to next marker--------
Num points is:8
   1.36588   0.291902 -0.0487803
  0.239153    0.42488 -0.0484366
0.00171901 -0.0249186  0.0367502
RMSE: 0.0313135
Rigid-body transformation: 
  0.999167  0.0287995 -0.0289027  -0.122146
-0.0298219   0.998921 -0.0355902  -0.526775
 0.0278465  0.0364225   0.998948  -0.263996
         0          0          0          1
--------------------------------------------------------------------
After 14 iterations
--------------------------------------------------------------------
Average translation is:
-0.136564
-0.513185
-0.266538
Average transformation is: 
  0.999066  0.0307898 -0.0303079  -0.136564
-0.0313057    0.99937 -0.0166984  -0.513185
 0.0297747  0.0176316   0.999401  -0.266538
         0          0          0          1
Average RMSE is: 0.0340589
RMSE on average transformation is: 0.0634473
[ INFO] [1517520204.459023716]: Velodyne scan received at 1.51752e+09
[ INFO] [1517520204.459070811]: marker_6dof received at 1.51752e+09


Initial Rot 0.000796274    -0.999999 -0.000796274
           0  0.000796274           -1
           1  0.000796274  6.34053e-07
26 -0.605638 -0.415111 1.73737 -0.281879 1.52945 -1.66112 582 0.100296 -0.250753 1.77743 -0.922265 1.72248 -1.83847 
[ INFO] [1517520204.461230572]: iteration number: 14

46
test
---------Moving on to next marker--------
---------Moving on to next marker--------
Num points is:8
    1.36304    0.286316  -0.0639113
   0.237927    0.424875  -0.0499729
0.000247693  -0.0268305   0.0363533
RMSE: 0.0241265
Rigid-body transformation: 
  0.998861  0.0261188  -0.039926 -0.0975813
-0.0272835    0.99921 -0.0289118   -0.54407
 0.0391393  0.0299682   0.998784  -0.269849
         0          0          0          1
--------------------------------------------------------------------
After 15 iterations
--------------------------------------------------------------------
Average translation is:
-0.133965
-0.515244
-0.266759
Average transformation is: 
  0.998977  0.0284692 -0.0351245  -0.133965
-0.0292804   0.999311 -0.0228007  -0.515244
 0.0344512  0.0238059   0.999123  -0.266759
         0          0          0          1
Average RMSE is: 0.0333968
RMSE on average transformation is: 0.0544706
[ INFO] [1517520204.636454524]: Velodyne scan received at 1.51752e+09
[ INFO] [1517520204.636490675]: marker_6dof received at 1.51752e+09


Initial Rot 0.000796274    -0.999999 -0.000796274
           0  0.000796274           -1
           1  0.000796274  6.34053e-07
26 -0.605425 -0.415001 1.73679 -0.280498 1.52679 -1.66374 582 0.100294 -0.25077 1.77752 -0.92291 1.72253 -1.83866 
[ INFO] [1517520204.638164406]: iteration number: 15

46
test
---------Moving on to next marker--------
---------Moving on to next marker--------
Num points is:8
   1.36668   0.290418 -0.0772821
  0.241633   0.431469 -0.0554666
0.00142336 -0.0272461  0.0331204
RMSE: 0.0255935
Rigid-body transformation: 
  0.998456  0.0258447 -0.0491653 -0.0780089
 -0.027544   0.999035 -0.0342059  -0.532351
 0.0482338  0.0355073   0.998205  -0.271429
         0          0          0          1
--------------------------------------------------------------------
After 16 iterations
--------------------------------------------------------------------
Average translation is:
-0.130468
-0.516313
-0.267051
Average transformation is: 
  0.998742  0.0271775 -0.0421497  -0.130468
-0.0283925    0.99919 -0.0285007  -0.516313
  0.041341  0.0296616   0.998705  -0.267051
         0          0          0          1
Average RMSE is: 0.0329091
RMSE on average transformation is: 0.0536122
[ INFO] [1517520204.815662602]: Velodyne scan received at 1.51752e+09
[ INFO] [1517520204.815686628]: marker_6dof received at 1.51752e+09


Initial Rot 0.000796274    -0.999999 -0.000796274
           0  0.000796274           -1
           1  0.000796274  6.34053e-07
26 -0.605493 -0.415031 1.73686 -0.284714 1.52738 -1.66662 582 0.100309 -0.250831 1.7779 -0.922785 1.72294 -1.83818 
[ INFO] [1517520204.817145756]: iteration number: 16

45
test
---------Moving on to next marker--------
---------Moving on to next marker--------
Num points is:8
    1.3615   0.290527 -0.0254918
   0.23301   0.418162 -0.0367104
0.00106564 -0.0235132  0.0316237
RMSE: 0.0263536
Rigid-body transformation: 
   0.99938  0.0320475  -0.014593  -0.151636
-0.0323592   0.999242  -0.021655  -0.553875
 0.0138879  0.0221138   0.999659  -0.268119
         0          0          0          1
--------------------------------------------------------------------
After 17 iterations
--------------------------------------------------------------------
Average translation is:
-0.131713
-0.518523
-0.267114
Average transformation is: 
  0.999158  0.0296386 -0.0283782  -0.131713
-0.0303525   0.999225 -0.0250644  -0.518523
 0.0276133  0.0259046   0.999283  -0.267114
         0          0          0          1
Average RMSE is: 0.0325235
RMSE on average transformation is: 0.0403279
[ INFO] [1517520204.930409885]: Velodyne scan received at 1.51752e+09
[ INFO] [1517520204.930447810]: marker_6dof received at 1.51752e+09


Initial Rot 0.000796274    -0.999999 -0.000796274
           0  0.000796274           -1
           1  0.000796274  6.34053e-07
26 -0.605583 -0.415093 1.73713 -0.280415 1.52959 -1.65986 582 0.100241 -0.250694 1.7767 -0.923665 1.72011 -1.84135 
[ INFO] [1517520204.931918565]: iteration number: 17

45
test
---------Moving on to next marker--------
---------Moving on to next marker--------
Num points is:8
    1.35589    0.300686 -0.00930801
   0.244244    0.417593  -0.0530008
-0.00258495  -0.0230745   0.0420547
RMSE: 0.0383752
Rigid-body transformation: 
  0.999431  0.0325643 0.00878988   -0.19867
 -0.031856   0.996944 -0.0713233  -0.454391
-0.0110856  0.0710028   0.997415  -0.269696
         0          0          0          1
--------------------------------------------------------------------
After 18 iterations
--------------------------------------------------------------------
Average translation is:
-0.135433
 -0.51496
-0.267257
Average transformation is: 
   0.999475   0.0308916 -0.00977896   -0.135433
 -0.0313283    0.998346  -0.0481995    -0.51496
 0.00827383   0.0484805     0.99879   -0.267257
          0           0           0           1
Average RMSE is: 0.0328486
RMSE on average transformation is: 0.0483598
[ INFO] [1517520205.178852712]: Velodyne scan received at 1.51752e+09
[ INFO] [1517520205.178910603]: marker_6dof received at 1.51752e+09


Initial Rot 0.000796274    -0.999999 -0.000796274
           0  0.000796274           -1
           1  0.000796274  6.34053e-07
26 -0.605643 -0.415156 1.73727 -0.281511 1.52904 -1.66138 582 0.10023 -0.250776 1.77681 -0.924278 1.7189 -1.84279 
[ INFO] [1517520205.181374276]: iteration number: 18

46
test
---------Moving on to next marker--------
---------Moving on to next marker--------
Num points is:8
    1.37259    0.287623  -0.0563473
   0.239526    0.427169  -0.0325689
-0.00429671  -0.0285033   0.0399134
RMSE: 0.0336991
Rigid-body transformation: 
   0.99893  0.0260736 -0.0382007 -0.0980047
-0.0256423   0.999602  0.0117374  -0.626824
 0.0384915 -0.0107453   0.999201  -0.256469
         0          0          0          1
--------------------------------------------------------------------
After 19 iterations
--------------------------------------------------------------------
Average translation is:
-0.133463
-0.520847
-0.266689
Average transformation is: 
  0.999313  0.0282722 -0.0239563  -0.133463
 -0.028712   0.999422 -0.0182189  -0.520847
 0.0234273  0.0188942   0.999547  -0.266689
         0          0          0          1
Average RMSE is: 0.0328933
RMSE on average transformation is: 0.056997
[ INFO] [1517520205.297787755]: Velodyne scan received at 1.51752e+09
[ INFO] [1517520205.297809765]: marker_6dof received at 1.51752e+09


Initial Rot 0.000796274    -0.999999 -0.000796274
           0  0.000796274           -1
           1  0.000796274  6.34053e-07
26 -0.605501 -0.415074 1.73677 -0.279293 1.52906 -1.6601 582 0.100207 -0.250788 1.77682 -0.925484 1.72054 -1.84178 
[ INFO] [1517520205.299048101]: iteration number: 19

45
test
---------Moving on to next marker--------
---------Moving on to next marker--------
Num points is:8
    1.35447    0.307968  0.00480335
    0.25192    0.420081   -0.046094
-0.00341429  -0.0248072   0.0410842
RMSE: 0.0426219
Rigid-body transformation: 
  0.999327  0.0323896  0.0171966  -0.216123
-0.0313573   0.997868 -0.0572398  -0.484373
-0.0190139   0.056662   0.998212  -0.271085
         0          0          0          1
--------------------------------------------------------------------
After 20 iterations
--------------------------------------------------------------------
Average translation is:
-0.137596
-0.519024
-0.266909
Average transformation is: 
    0.99954   0.0301365 -0.00336044   -0.137596
 -0.0302419    0.998831  -0.0377227   -0.519024
 0.00221969    0.037807    0.999283   -0.266909
          0           0           0           1
Average RMSE is: 0.0333797
RMSE on average transformation is: 0.0567889
[ INFO] [1517520205.439407244]: Velodyne scan received at 1.51752e+09
[ INFO] [1517520205.439438785]: marker_6dof received at 1.51752e+09


Initial Rot 0.000796274    -0.999999 -0.000796274
           0  0.000796274           -1
           1  0.000796274  6.34053e-07
26 -0.60558 -0.415164 1.7369 -0.281048 1.52789 -1.66297 582 0.100128 -0.250777 1.77605 -0.924602 1.71638 -1.84557 
[ INFO] [1517520205.441166723]: iteration number: 20

45
test
---------Moving on to next marker--------
---------Moving on to next marker--------
Num points is:8
    1.37059    0.296398  -0.0556781
    0.23056    0.428025  -0.0283573
-0.00758783  -0.0306864   0.0392859
RMSE: 0.0505842
Rigid-body transformation: 
  0.998655  0.0359651 -0.0373366 -0.0986824
-0.0350652   0.999085  0.0244829  -0.651464
  0.038183 -0.0231407   0.999003  -0.258255
         0          0          0          1
--------------------------------------------------------------------
After 21 iterations
--------------------------------------------------------------------
Average translation is:
-0.135743
 -0.52533
-0.266497
Average transformation is: 
   0.999254   0.0327919   -0.020397   -0.135743
 -0.0329334    0.999435 -0.00664356    -0.52533
  0.0201676  0.00731035     0.99977   -0.266497
          0           0           0           1
Average RMSE is: 0.034199
RMSE on average transformation is: 0.0812156
[ INFO] [1517520205.555057019]: Velodyne scan received at 1.51752e+09
[ INFO] [1517520205.555080737]: marker_6dof received at 1.51752e+09


Initial Rot 0.000796274    -0.999999 -0.000796274
           0  0.000796274           -1
           1  0.000796274  6.34053e-07
26 -0.605721 -0.415277 1.7373 -0.277632 1.52916 -1.6585 582 0.100108 -0.250844 1.77624 -0.92331 1.71665 -1.84501 
[ INFO] [1517520205.557227203]: iteration number: 21

45
test
---------Moving on to next marker--------
---------Moving on to next marker--------
Num points is:8
   1.37341   0.297235 -0.0424551
  0.241723   0.431418 -0.0407578
-0.0025744 -0.0270334   0.035888
RMSE: 0.0307838
Rigid-body transformation: 
  0.999239  0.0302799 -0.0245895  -0.131106
 -0.030688   0.999395  -0.016395   -0.56802
 0.0240782  0.0171371   0.999563  -0.262357
         0          0          0          1
--------------------------------------------------------------------
After 22 iterations
--------------------------------------------------------------------
Average translation is:
-0.135532
-0.527271
-0.266309
Average transformation is: 
  0.999249   0.031541 -0.0224964  -0.135532
 -0.031806   0.999428 -0.0115182  -0.527271
 0.0221202  0.0122251   0.999681  -0.266309
         0          0          0          1
Average RMSE is: 0.0340438
RMSE on average transformation is: 0.0594843
[ INFO] [1517520205.715328970]: Velodyne scan received at 1.51752e+09
[ INFO] [1517520205.715371784]: marker_6dof received at 1.51752e+09


Initial Rot 0.000796274    -0.999999 -0.000796274
           0  0.000796274           -1
           1  0.000796274  6.34053e-07
26 -0.605657 -0.41522 1.73697 -0.277081 1.52785 -1.66032 582 0.100102 -0.250899 1.77641 -0.923334 1.71665 -1.84502 
[ INFO] [1517520205.716914473]: iteration number: 22

45
test
---------Moving on to next marker--------
---------Moving on to next marker--------
Num points is:8
    1.38492    0.283426  -0.0708014
   0.229592    0.414962  -0.0827923
-0.00144701  -0.0260153    0.043313
RMSE: 0.0266187
Rigid-body transformation: 
  0.999137  0.0296303 -0.0291226  -0.116774
-0.0326549   0.993444   -0.10956  -0.374627
 0.0256853   0.110416   0.993553  -0.279546
         0          0          0          1
--------------------------------------------------------------------
After 23 iterations
--------------------------------------------------------------------
Average translation is:
-0.134717
-0.520634
-0.266884
Average transformation is: 
  0.999196  0.0306672  -0.025833  -0.134717
-0.0321866   0.997642 -0.0606132  -0.520634
 0.0239133  0.0613959   0.997827  -0.266884
         0          0          0          1
Average RMSE is: 0.0337209
RMSE on average transformation is: 0.055577
[ INFO] [1517520205.824077592]: Velodyne scan received at 1.51752e+09
[ INFO] [1517520205.824102277]: marker_6dof received at 1.51752e+09


Initial Rot 0.000796274    -0.999999 -0.000796274
           0  0.000796274           -1
           1  0.000796274  6.34053e-07
26 -0.605635 -0.415201 1.73693 -0.277391 1.5284 -1.65941 582 0.100095 -0.250834 1.77599 -0.924458 1.71623 -1.84617 
[ INFO] [1517520205.825437578]: iteration number: 23

45
test
---------Moving on to next marker--------
---------Moving on to next marker--------
Num points is:8
    1.37906    0.302717  -0.0481334
   0.232069    0.436971  -0.0199515
-0.00756686  -0.0312108   0.0335181
RMSE: 0.0574374
Rigid-body transformation: 
  0.998643  0.0384401   -0.03513   -0.10479
-0.0369302   0.998407   0.042664  -0.688285
 0.0367141 -0.0413088   0.998472  -0.255657
         0          0          0          1
--------------------------------------------------------------------
After 24 iterations
--------------------------------------------------------------------
Average translation is:
 -0.13347
 -0.52762
-0.266417
Average transformation is: 
   0.998939   0.0344343  -0.0305825    -0.13347
  -0.034724    0.999356 -0.00899204    -0.52762
  0.0302532   0.0100444    0.999492   -0.266417
          0           0           0           1
Average RMSE is: 0.0347091
RMSE on average transformation is: 0.0834425
[ INFO] [1517520205.924777163]: Velodyne scan received at 1.51752e+09
[ INFO] [1517520205.924804071]: marker_6dof received at 1.51752e+09


Initial Rot 0.000796274    -0.999999 -0.000796274
           0  0.000796274           -1
           1  0.000796274  6.34053e-07
26 -0.605627 -0.415206 1.73694 -0.277687 1.52815 -1.6605 582 0.100117 -0.250888 1.77642 -0.923468 1.71658 -1.84497 
[ INFO] [1517520205.926278252]: iteration number: 24

46
test
---------Moving on to next marker--------
---------Moving on to next marker--------
Num points is:8
    1.36484    0.284039  -0.0505154
   0.247031    0.425209  -0.0481799
-0.00107489  -0.0259985   0.0356807
RMSE: 0.0252596
Rigid-body transformation: 
  0.999382  0.0200683 -0.0288457  -0.118281
-0.0210031   0.999252 -0.0324793  -0.536038
 0.0281723  0.0330651   0.999056  -0.262764
         0          0          0          1
--------------------------------------------------------------------
After 25 iterations
--------------------------------------------------------------------
Average translation is:
-0.132862
-0.527956
-0.266271
Average transformation is: 
  0.999186   0.027247 -0.0297563  -0.132862
-0.0278704   0.999396 -0.0207401  -0.527956
 0.0291732  0.0215525   0.999342  -0.266271
         0          0          0          1
Average RMSE is: 0.0343311
RMSE on average transformation is: 0.0436083
[ INFO] [1517520206.026430703]: Velodyne scan received at 1.51752e+09
[ INFO] [1517520206.026449879]: marker_6dof received at 1.51752e+09


Initial Rot 0.000796274    -0.999999 -0.000796274
           0  0.000796274           -1
           1  0.000796274  6.34053e-07
26 -0.605571 -0.415166 1.73672 -0.279963 1.52795 -1.66246 582 0.100111 -0.250892 1.77646 -0.923143 1.7173 -1.84448 
[ INFO] [1517520206.027643390]: iteration number: 25

46
test
---------Moving on to next marker--------
---------Moving on to next marker--------
Num points is:8
   1.37235   0.303124 -0.0494466
  0.245229   0.440924 -0.0708726
-0.0030306 -0.0266534  0.0308859
RMSE: 0.0394643
Rigid-body transformation: 
  0.999352  0.0320278 -0.0163978  -0.146977
-0.0333243    0.99573 -0.0860879  -0.422824
 0.0135706  0.0865786   0.996153  -0.273231
         0          0          0          1
--------------------------------------------------------------------
After 26 iterations
--------------------------------------------------------------------
Average translation is:
-0.133405
-0.523913
-0.266538
Average transformation is: 
  0.999298  0.0295287 -0.0230385  -0.133405
-0.0307251   0.998099 -0.0534334  -0.523913
 0.0214169  0.0541037   0.998306  -0.266538
         0          0          0          1
Average RMSE is: 0.0345286
RMSE on average transformation is: 0.0526983
[ INFO] [1517520206.233462824]: Velodyne scan received at 1.51752e+09
[ INFO] [1517520206.233566751]: marker_6dof received at 1.51752e+09


Initial Rot 0.000796274    -0.999999 -0.000796274
           0  0.000796274           -1
           1  0.000796274  6.34053e-07
26 -0.605755 -0.41527 1.73724 -0.276794 1.52814 -1.65955 582 0.100124 -0.250894 1.77658 -0.923367 1.71785 -1.84417 
[ INFO] [1517520206.237564462]: iteration number: 26

45
test
---------Moving on to next marker--------
---------Moving on to next marker--------
Num points is:8
    1.36394    0.294245  -0.0394987
   0.246889    0.424086  -0.0433937
-0.00139881  -0.0262093   0.0365245
RMSE: 0.0340355
Rigid-body transformation: 
  0.999421  0.0260611 -0.0218901  -0.133487
-0.0266167   0.999321  -0.025482  -0.550795
 0.0212112  0.0260499   0.999436  -0.267709
         0          0          0          1
--------------------------------------------------------------------
After 27 iterations
--------------------------------------------------------------------
Average translation is:
-0.133408
-0.524908
-0.266582
Average transformation is: 
  0.999361   0.027799 -0.0224522  -0.133408
-0.0286702    0.99881 -0.0394622  -0.524908
 0.0213285  0.0400807   0.998969  -0.266582
         0          0          0          1
Average RMSE is: 0.0345103
RMSE on average transformation is: 0.034556
[ INFO] [1517520206.352600613]: Velodyne scan received at 1.51752e+09
[ INFO] [1517520206.352663104]: marker_6dof received at 1.51752e+09


Initial Rot 0.000796274    -0.999999 -0.000796274
           0  0.000796274           -1
           1  0.000796274  6.34053e-07
26 -0.605513 -0.415127 1.73652 -0.279654 1.52756 -1.66235 582 0.100124 -0.25091 1.77665 -0.922727 1.71823 -1.84373 
[ INFO] [1517520206.353881134]: iteration number: 27

45
test
---------Moving on to next marker--------
---------Moving on to next marker--------
Num points is:8
    1.3665   0.294729 -0.0628616
  0.242281   0.433002 -0.0460884
0.00141943 -0.0276529  0.0342204
RMSE: 0.0364356
Rigid-body transformation: 
   0.99872  0.0281857 -0.0420108 -0.0937021
-0.0289072   0.999443  -0.016667  -0.568074
 0.0415177  0.0178601   0.998978  -0.266972
         0          0          0          1
--------------------------------------------------------------------
After 28 iterations
--------------------------------------------------------------------
Average translation is:
 -0.13199
 -0.52645
-0.266596
Average transformation is: 
   0.99909   0.027938 -0.0322342   -0.13199
-0.0288463    0.99919 -0.0280669   -0.52645
  0.031424  0.0289712   0.999086  -0.266596
         0          0          0          1
Average RMSE is: 0.0345791
RMSE on average transformation is: 0.0450463
[ INFO] [1517520206.530457483]: Velodyne scan received at 1.51752e+09
[ INFO] [1517520206.530517207]: marker_6dof received at 1.51752e+09


Initial Rot 0.000796274    -0.999999 -0.000796274
           0  0.000796274           -1
           1  0.000796274  6.34053e-07
26 -0.605551 -0.415141 1.73656 -0.280514 1.52739 -1.66369 582 0.10009 -0.250821 1.77599 -0.923985 1.71717 -1.84529 
[ INFO] [1517520206.532118012]: iteration number: 28

46
test
---------Moving on to next marker--------
---------Moving on to next marker--------
Num points is:8
    1.37738    0.291465  -0.0403899
   0.254204    0.398843  -0.0677472
-0.00533146  -0.0216489   0.0475645
RMSE: 0.0420214
Rigid-body transformation: 
   0.999745   0.0218637 -0.00561019   -0.164324
 -0.0223188    0.994636   -0.101004   -0.392431
 0.00337176    0.101104     0.99487   -0.272214
          0           0           0           1
--------------------------------------------------------------------
After 29 iterations
--------------------------------------------------------------------
Average translation is:
-0.133105
-0.521829
-0.266789
Average transformation is: 
  0.999516  0.0246603 -0.0189795  -0.133105
-0.0258391   0.997577 -0.0646001  -0.521829
 0.0173405  0.0650592   0.997731  -0.266789
         0          0          0          1
Average RMSE is: 0.0348357
RMSE on average transformation is: 0.0698857
[ INFO] [1517520206.630996933]: Velodyne scan received at 1.51752e+09
[ INFO] [1517520206.631024173]: marker_6dof received at 1.51752e+09


Initial Rot 0.000796274    -0.999999 -0.000796274
           0  0.000796274           -1
           1  0.000796274  6.34053e-07
26 -0.605462 -0.415095 1.73632 -0.279727 1.52647 -1.66424 582 0.100108 -0.250858 1.77624 -0.923821 1.71585 -1.84584 
[ INFO] [1517520206.632272479]: iteration number: 29

45
test
---------Moving on to next marker--------
---------Moving on to next marker--------
Num points is:8
    1.35877    0.298964  -0.0208126
   0.237888    0.438218  -0.0214799
0.000173025  -0.0299215   0.0335707
RMSE: 0.0415596
Rigid-body transformation: 
   0.99924  0.0337908 -0.0194416  -0.142161
 -0.033224   0.999034  0.0287753  -0.662851
 0.0203951 -0.0281075   0.999397  -0.258596
         0          0          0          1
--------------------------------------------------------------------
After 30 iterations
--------------------------------------------------------------------
Average translation is:
-0.133407
-0.526529
-0.266516
Average transformation is: 
  0.999386  0.0292204 -0.0193172  -0.133407
-0.0295675   0.999402 -0.0179324  -0.526529
 0.0187817  0.0184925   0.999653  -0.266516
         0          0          0          1
