--------------------------------------------------------------------
After 1 iterations
--------------------------------------------------------------------
Average translation is:
-0.057587
-0.745654
-0.236726
Average transformation is: 
  0.996173  0.0644102 -0.0590871  -0.057587
-0.0604135   0.995916  0.0671007  -0.745654
 0.0631678 -0.0632742   0.995995  -0.236726
         0          0          0          1
Average RMSE is: 0.0313735
RMSE on average transformation is: 0.0313735
[ INFO] [1517520838.667900898]: Velodyne scan received at 1.51752e+09
[ INFO] [1517520838.668006641]: marker_6dof received at 1.51752e+09


Initial Rot 0.000796274    -0.999999 -0.000796274
           0  0.000796274           -1
           1  0.000796274  6.34053e-07
26 -0.537303 -0.416305 1.86352 -0.671236 1.85231 -1.57159 582 0.202241 -0.275919 2.12101 -0.713946 1.73002 -1.70658 
[ INFO] [1517520838.673346858]: iteration number: 1

44
test
---------Moving on to next marker--------
---------Moving on to next marker--------
Num points is:8
  1.46546  0.256195  0.339489
 0.220542  0.408437 0.0797254
 0.395993  0.130929  0.126502
RMSE: 0.0214611
Rigid-body transformation: 
   0.999717  0.00325061   -0.023581   -0.119916
-0.00517357    0.996623  -0.0819504   -0.421859
  0.0232349   0.0820492    0.996357   -0.275711
          0           0           0           1
--------------------------------------------------------------------
After 2 iterations
--------------------------------------------------------------------
Average translation is:
-0.0887516
 -0.583757
 -0.256218
Average transformation is: 
   0.998545   0.0331978  -0.0424837  -0.0887516
 -0.0335537    0.999407 -0.00769171   -0.583757
  0.0422031    0.009106    0.999068   -0.256218
          0           0           0           1
Average RMSE is: 0.0264173
RMSE on average transformation is: 0.0301644
[ INFO] [1517520838.814284964]: Velodyne scan received at 1.51752e+09
[ INFO] [1517520838.814341209]: marker_6dof received at 1.51752e+09


Initial Rot 0.000796274    -0.999999 -0.000796274
           0  0.000796274           -1
           1  0.000796274  6.34053e-07
26 -0.536806 -0.416026 1.8624 -0.675189 1.85518 -1.57162 582 0.202206 -0.275212 2.12106 -0.704339 1.7346 -1.70136 
[ INFO] [1517520838.815796219]: iteration number: 2

47
test
---------Moving on to next marker--------
---------Moving on to next marker--------
Num points is:8
 1.46744 0.262652  0.33304
0.213392 0.409067 0.116054
0.397745 0.133381 0.130278
RMSE: 0.0345416
Rigid-body transformation: 
   0.998557   0.0309057  -0.0439253  -0.0787293
  -0.030547    0.999494   0.0088143   -0.619692
  0.0441755 -0.00745979    0.998996   -0.255511
          0           0           0           1
--------------------------------------------------------------------
After 3 iterations
--------------------------------------------------------------------
Average translation is:
-0.0854108
 -0.595735
 -0.255983
Average transformation is: 
   0.998552   0.0320488  -0.0431998  -0.0854108
 -0.0320545    0.999486 0.000561856   -0.595735
  0.0431956 0.000823703    0.999066   -0.255983
          0           0           0           1
Average RMSE is: 0.0291254
RMSE on average transformation is: 0.0353742
[ INFO] [1517520839.018879084]: Velodyne scan received at 1.51752e+09
[ INFO] [1517520839.018915058]: marker_6dof received at 1.51752e+09


Initial Rot 0.000796274    -0.999999 -0.000796274
           0  0.000796274           -1
           1  0.000796274  6.34053e-07
26 -0.536749 -0.415997 1.8623 -0.67511 1.85578 -1.57062 582 0.202134 -0.275085 2.12037 -0.702532 1.73199 -1.70244 
[ INFO] [1517520839.020838451]: iteration number: 3

44
test
---------Moving on to next marker--------
---------Moving on to next marker--------
Num points is:8
 1.43204 0.282509 0.340041
0.190786 0.398737 0.127094
0.392028 0.134583 0.131115
RMSE: 0.0417082
Rigid-body transformation: 
   0.99694  0.0643358  -0.044392 -0.0898607
-0.0620371   0.996752   0.051351  -0.710724
 0.0475515 -0.0484399   0.997694  -0.248397
         0          0          0          1
--------------------------------------------------------------------
After 4 iterations
--------------------------------------------------------------------
Average translation is:
-0.0865233
 -0.624483
 -0.254086
Average transformation is: 
  0.997868  0.0481908 -0.0440012 -0.0865233
-0.0470792   0.998554  0.0259601  -0.624483
 0.0451886 -0.0238332   0.998694  -0.254086
         0          0          0          1
Average RMSE is: 0.0322711
RMSE on average transformation is: 0.0530042
[ INFO] [1517520839.216943540]: Velodyne scan received at 1.51752e+09
[ INFO] [1517520839.216984520]: marker_6dof received at 1.51752e+09


Initial Rot 0.000796274    -0.999999 -0.000796274
           0  0.000796274           -1
           1  0.000796274  6.34053e-07
26 -0.53694 -0.416168 1.86289 -0.675008 1.85605 -1.57057 582 0.202206 -0.2752 2.12126 -0.704935 1.7345 -1.70127 
[ INFO] [1517520839.218634410]: iteration number: 4

44
test
---------Moving on to next marker--------
---------Moving on to next marker--------
Num points is:8
 1.43144 0.287416 0.313486
0.210873 0.413777 0.118064
0.392108 0.136191 0.125694
RMSE: 0.0323356
Rigid-body transformation: 
     0.997  0.0512378 -0.0580163 -0.0590456
-0.0496824   0.998374  0.0279421  -0.657435
 0.0593536 -0.0249758   0.997925  -0.246227
         0          0          0          1
--------------------------------------------------------------------
After 5 iterations
--------------------------------------------------------------------
Average translation is:
-0.0810278
 -0.631073
 -0.252514
Average transformation is: 
   0.99746  0.0497123 -0.0510108 -0.0810278
-0.0483844   0.998465  0.0269465  -0.631073
 0.0522721 -0.0244099   0.998335  -0.252514
         0          0          0          1
Average RMSE is: 0.032284
RMSE on average transformation is: 0.0416
[ INFO] [1517520839.456232403]: Velodyne scan received at 1.51752e+09
[ INFO] [1517520839.456278148]: marker_6dof received at 1.51752e+09


Initial Rot 0.000796274    -0.999999 -0.000796274
           0  0.000796274           -1
           1  0.000796274  6.34053e-07
26 -0.536839 -0.416083 1.8625 -0.675934 1.85487 -1.57185 582 0.202242 -0.275204 2.12113 -0.703774 1.73462 -1.70118 
[ INFO] [1517520839.458493613]: iteration number: 5

45
test
---------Moving on to next marker--------
---------Moving on to next marker--------
Num points is:8
 1.44796 0.264505 0.316137
0.180916 0.392847 0.115722
0.393835 0.133814 0.123295
RMSE: 0.0441483
Rigid-body transformation: 
  0.996866  0.0551622 -0.0567048 -0.0548143
-0.0536036   0.998151  0.0286506  -0.661735
 0.0581803 -0.0255212    0.99798  -0.260777
         0          0          0          1
--------------------------------------------------------------------
After 6 iterations
--------------------------------------------------------------------
Average translation is:
-0.0766589
 -0.636183
 -0.253891
Average transformation is: 
  0.997171  0.0524367 -0.0538592 -0.0766589
-0.0509954   0.998312  0.0277948  -0.636183
 0.0552257 -0.0249696   0.998162  -0.253891
         0          0          0          1
Average RMSE is: 0.0342614
RMSE on average transformation is: 0.0532629
[ INFO] [1517520839.591604795]: Velodyne scan received at 1.51752e+09
[ INFO] [1517520839.591659543]: marker_6dof received at 1.51752e+09


Initial Rot 0.000796274    -0.999999 -0.000796274
           0  0.000796274           -1
           1  0.000796274  6.34053e-07
26 -0.536704 -0.415953 1.86205 -0.677679 1.85654 -1.57117 582 0.202164 -0.275133 2.12079 -0.703823 1.73407 -1.70202 
[ INFO] [1517520839.593568147]: iteration number: 6

42
test
---------Moving on to next marker--------
---------Moving on to next marker--------
Num points is:8
 1.45126 0.269818 0.341357
0.201534  0.40177 0.118082
0.398518 0.133638 0.126884
RMSE: 0.0347074
Rigid-body transformation: 
  0.998134  0.0441297 -0.0422015 -0.0896314
-0.0432698   0.998841  0.0210774  -0.647158
 0.0430827  -0.019212   0.998887  -0.253047
         0          0          0          1
--------------------------------------------------------------------
After 7 iterations
--------------------------------------------------------------------
Average translation is:
-0.0785121
 -0.637751
 -0.253771
Average transformation is: 
  0.997678  0.0482752 -0.0480382 -0.0785121
-0.0471432   0.998589   0.024425  -0.637751
 0.0491495 -0.0221036   0.998547  -0.253771
         0          0          0          1
Average RMSE is: 0.0343251
RMSE on average transformation is: 0.0384917
[ INFO] [1517520839.723131099]: Velodyne scan received at 1.51752e+09
[ INFO] [1517520839.723153811]: marker_6dof received at 1.51752e+09


Initial Rot 0.000796274    -0.999999 -0.000796274
           0  0.000796274           -1
           1  0.000796274  6.34053e-07
26 -0.536849 -0.416088 1.86249 -0.674563 1.85445 -1.57165 582 0.202227 -0.275171 2.12091 -0.698981 1.73431 -1.69913 
[ INFO] [1517520839.724648575]: iteration number: 7

44
test
---------Moving on to next marker--------
---------Moving on to next marker--------
Num points is:8
 1.46094 0.273163 0.340456
 0.20761 0.402706 0.113646
  0.3999 0.133844  0.12102
RMSE: 0.0341548
Rigid-body transformation: 
  0.998334  0.0398154  -0.041762 -0.0876929
-0.0394499   0.999176  0.0095384  -0.620407
 0.0421073  -0.007875   0.999082  -0.250456
         0          0          0          1
--------------------------------------------------------------------
After 8 iterations
--------------------------------------------------------------------
Average translation is:
-0.0796597
 -0.635583
 -0.253356
Average transformation is: 
   0.99802  0.0440345 -0.0449161 -0.0796597
  -0.04331   0.998917  0.0169761  -0.635583
  0.045615 -0.0149971   0.998847  -0.253356
         0          0          0          1
Average RMSE is: 0.0343038
RMSE on average transformation is: 0.0346221
[ INFO] [1517520839.874933958]: Velodyne scan received at 1.51752e+09
[ INFO] [1517520839.874963881]: marker_6dof received at 1.51752e+09


Initial Rot 0.000796274    -0.999999 -0.000796274
           0  0.000796274           -1
           1  0.000796274  6.34053e-07
26 -0.536882 -0.416104 1.86255 -0.674874 1.85438 -1.57182 582 0.20221 -0.275166 2.12099 -0.700627 1.733 -1.70112 
[ INFO] [1517520839.876785841]: iteration number: 8

44
test
---------Moving on to next marker--------
---------Moving on to next marker--------
Num points is:8
 1.44544 0.283469 0.313435
 0.19707 0.401721 0.107438
0.395106 0.136744 0.128094
RMSE: 0.0381249
Rigid-body transformation: 
   0.99709  0.0513887 -0.0563105 -0.0607347
 -0.051128   0.998674 0.00606289  -0.613308
 0.0565474 -0.0031662   0.998395  -0.266713
         0          0          0          1
--------------------------------------------------------------------
After 9 iterations
--------------------------------------------------------------------
Average translation is:
-0.0775569
 -0.633108
 -0.254841
Average transformation is: 
  0.997578  0.0477288  -0.050604 -0.0775569
-0.0472044   0.998819  0.0115085  -0.633108
 0.0510936 -0.0090919   0.998652  -0.254841
         0          0          0          1
Average RMSE is: 0.0347284
RMSE on average transformation is: 0.0405168
[ INFO] [1517520840.034461603]: Velodyne scan received at 1.51752e+09
[ INFO] [1517520840.034525598]: marker_6dof received at 1.51752e+09


Initial Rot 0.000796274    -0.999999 -0.000796274
           0  0.000796274           -1
           1  0.000796274  6.34053e-07
26 -0.536918 -0.416135 1.86274 -0.675632 1.85478 -1.5717 582 0.20224 -0.27524 2.1214 -0.70287 1.73516 -1.70015 
[ INFO] [1517520840.036164940]: iteration number: 9

45
test
---------Moving on to next marker--------
---------Moving on to next marker--------
Num points is:8
 1.46581 0.282167 0.402963
0.195837 0.394606 0.113802
0.400543 0.134782 0.135949
RMSE: 0.0549309
Rigid-body transformation: 
   0.998964   0.0454779 -0.00145368   -0.174694
 -0.0454839    0.998955 -0.00443442   -0.589719
 0.00125049  0.00449595    0.999989   -0.250592
          0           0           0           1
--------------------------------------------------------------------
After 10 iterations
--------------------------------------------------------------------
Average translation is:
-0.0872706
 -0.628769
 -0.254416
Average transformation is: 
   0.998578   0.0465199  -0.0260413  -0.0872706
 -0.0464436    0.998915  0.00352655   -0.628769
  0.0261771 -0.00231209    0.999655   -0.254416
          0           0           0           1
Average RMSE is: 0.0367486
RMSE on average transformation is: 0.068189
[ INFO] [1517520840.239741647]: Velodyne scan received at 1.51752e+09
[ INFO] [1517520840.239803691]: marker_6dof received at 1.51752e+09


Initial Rot 0.000796274    -0.999999 -0.000796274
           0  0.000796274           -1
           1  0.000796274  6.34053e-07
26 -0.536948 -0.416181 1.86283 -0.674681 1.85522 -1.57052 582 0.202244 -0.27524 2.12142 -0.701932 1.73463 -1.70003 
[ INFO] [1517520840.242666033]: iteration number: 10

46
test
---------Moving on to next marker--------
---------Moving on to next marker--------
Num points is:8
 1.46728 0.296504 0.325622
0.208354 0.404847 0.091561
0.397354 0.140334 0.129656
RMSE: 0.0316881
Rigid-body transformation: 
  0.998322  0.0401268 -0.0417421 -0.0875769
-0.0419228   0.998192 -0.0430779  -0.501962
  0.039938  0.0447555   0.998199  -0.280593
         0          0          0          1
--------------------------------------------------------------------
After 11 iterations
--------------------------------------------------------------------
Average translation is:
-0.0872984
 -0.617241
 -0.256795
Average transformation is: 
  0.998481   0.043416 -0.0339299 -0.0872984
-0.0441031   0.998831 -0.0197722  -0.617241
 0.0330318  0.0212386   0.999229  -0.256795
         0          0          0          1
Average RMSE is: 0.0362886
RMSE on average transformation is: 0.0755768
[ INFO] [1517520840.390274800]: Velodyne scan received at 1.51752e+09
[ INFO] [1517520840.390294762]: marker_6dof received at 1.51752e+09


Initial Rot 0.000796274    -0.999999 -0.000796274
           0  0.000796274           -1
           1  0.000796274  6.34053e-07
26 -0.53677 -0.41602 1.86231 -0.676081 1.85496 -1.57223 582 0.202204 -0.275171 2.12105 -0.702163 1.73437 -1.70068 
[ INFO] [1517520840.391734227]: iteration number: 11

46
test
---------Moving on to next marker--------
---------Moving on to next marker--------
Num points is:8
  1.46501   0.26484  0.353908
 0.219989  0.397156 0.0859592
  0.40169  0.130262  0.127584
RMSE: 0.0225796
Rigid-body transformation: 
  0.999715  0.0111547 -0.0210856   -0.12911
-0.0125242   0.997743 -0.0659776  -0.459274
  0.020302  0.0662229   0.997598  -0.269687
         0          0          0          1
--------------------------------------------------------------------
After 12 iterations
--------------------------------------------------------------------
Average translation is:
-0.0907827
 -0.604077
  -0.25787
Average transformation is: 
  0.999246  0.0272164 -0.0276949 -0.0907827
-0.0283909   0.998674 -0.0429368  -0.604077
 0.0264896  0.0436907   0.998694   -0.25787
         0          0          0          1
Average RMSE is: 0.0351462
RMSE on average transformation is: 0.102221
[ INFO] [1517520840.538776703]: Velodyne scan received at 1.51752e+09
[ INFO] [1517520840.538801545]: marker_6dof received at 1.51752e+09


Initial Rot 0.000796274    -0.999999 -0.000796274
           0  0.000796274           -1
           1  0.000796274  6.34053e-07
26 -0.536635 -0.415938 1.8619 -0.67671 1.85625 -1.57123 582 0.202236 -0.275237 2.12141 -0.703141 1.73715 -1.69791 
[ INFO] [1517520840.540240007]: iteration number: 12

46
test
---------Moving on to next marker--------
---------Moving on to next marker--------
Num points is:8
  1.48471   0.29334  0.310107
 0.213041  0.403463 0.0908374
  0.40251  0.140507  0.129536
RMSE: 0.0415756
Rigid-body transformation: 
  0.997877  0.0365288 -0.0539142 -0.0599986
-0.0387866   0.998388 -0.0414421  -0.505313
 0.0523135  0.0434453   0.997685  -0.278746
         0          0          0          1
--------------------------------------------------------------------
After 13 iterations
--------------------------------------------------------------------
Average translation is:
-0.0884147
  -0.59648
 -0.259476
Average transformation is: 
  0.998658  0.0318722 -0.0408098 -0.0884147
 -0.033594   0.998543 -0.0422236   -0.59648
 0.0394046  0.0435379   0.998274  -0.259476
         0          0          0          1
Average RMSE is: 0.0356407
RMSE on average transformation is: 0.102995
[ INFO] [1517520840.670688582]: Velodyne scan received at 1.51752e+09
[ INFO] [1517520840.670716961]: marker_6dof received at 1.51752e+09


Initial Rot 0.000796274    -0.999999 -0.000796274
           0  0.000796274           -1
           1  0.000796274  6.34053e-07
26 -0.536916 -0.416165 1.86269 -0.675939 1.85384 -1.57264 582 0.202209 -0.275165 2.12099 -0.702807 1.73352 -1.70168 
[ INFO] [1517520840.672036489]: iteration number: 13

45
test
---------Moving on to next marker--------
---------Moving on to next marker--------
Num points is:8
 1.44793 0.274564 0.332265
0.225636 0.409929 0.125064
0.397016 0.136016 0.127416
RMSE: 0.0448697
Rigid-body transformation: 
   0.99825  0.0352499 -0.0474887 -0.0711201
-0.0340312   0.999076  0.0262322  -0.657231
 0.0483695 -0.0245702   0.998527  -0.253068
         0          0          0          1
--------------------------------------------------------------------
After 14 iterations
--------------------------------------------------------------------
Average translation is:
-0.0871794
 -0.600819
 -0.259018
Average transformation is: 
   0.998462   0.0335041  -0.0441785  -0.0871794
 -0.0338894    0.999394 -0.00800074   -0.600819
  0.0438837  0.00948561    0.998992   -0.259018
          0           0           0           1
Average RMSE is: 0.0363
RMSE on average transformation is: 0.0509424
[ INFO] [1517520840.902672752]: Velodyne scan received at 1.51752e+09
[ INFO] [1517520840.902740899]: marker_6dof received at 1.51752e+09


Initial Rot 0.000796274    -0.999999 -0.000796274
           0  0.000796274           -1
           1  0.000796274  6.34053e-07
26 -0.536988 -0.416236 1.86309 -0.672062 1.85307 -1.57239 582 0.202246 -0.275208 2.12103 -0.703804 1.73458 -1.70145 
[ INFO] [1517520840.905154258]: iteration number: 14

45
test
---------Moving on to next marker--------
---------Moving on to next marker--------
Num points is:8
  1.43734  0.277204  0.344559
 0.239191   0.40945 0.0836319
   0.3964  0.137345  0.125448
RMSE: 0.061869
Rigid-body transformation: 
   0.999815   0.0031527  -0.0189831   -0.128256
-0.00481365      0.9961  -0.0880969   -0.405997
  0.0186313   0.0881719    0.995931   -0.268682
          0           0           0           1
--------------------------------------------------------------------
After 15 iterations
--------------------------------------------------------------------
Average translation is:
-0.0899179
 -0.587831
 -0.259662
Average transformation is: 
  0.999328   0.018082 -0.0318877 -0.0899179
 -0.019607   0.998646 -0.0481786  -0.587831
 0.0309734  0.0487714    0.99833  -0.259662
         0          0          0          1
Average RMSE is: 0.0380046
RMSE on average transformation is: 0.113539
[ INFO] [1517520841.043927668]: Velodyne scan received at 1.51752e+09
[ INFO] [1517520841.043968226]: marker_6dof received at 1.51752e+09


Initial Rot 0.000796274    -0.999999 -0.000796274
           0  0.000796274           -1
           1  0.000796274  6.34053e-07
26 -0.536963 -0.416244 1.86286 -0.67326 1.85223 -1.57396 582 0.202187 -0.275254 2.12106 -0.700651 1.73695 -1.69806 
[ INFO] [1517520841.045467075]: iteration number: 15

44
test
---------Moving on to next marker--------
---------Moving on to next marker--------
Num points is:8
  1.48345  0.290688  0.311144
 0.213171  0.406505 0.0835962
 0.401403  0.138764  0.124124
RMSE: 0.0320005
Rigid-body transformation: 
  0.998251  0.0314003  -0.050087   -0.06672
-0.0342617   0.997767 -0.0573315  -0.470934
 0.0481749  0.0589473   0.997098  -0.279982
         0          0          0          1
--------------------------------------------------------------------
After 16 iterations
--------------------------------------------------------------------
Average translation is:
-0.088468
-0.580525
-0.260932
Average transformation is: 
  0.998853   0.024765 -0.0409737  -0.088468
-0.0269153   0.998243  -0.052789  -0.580525
 0.0395944  0.0538313   0.997765  -0.260932
         0          0          0          1
Average RMSE is: 0.0376293
RMSE on average transformation is: 0.10499
[ INFO] [1517520841.250242267]: Velodyne scan received at 1.51752e+09
[ INFO] [1517520841.250328287]: marker_6dof received at 1.51752e+09


Initial Rot 0.000796274    -0.999999 -0.000796274
           0  0.000796274           -1
           1  0.000796274  6.34053e-07
26 -0.537068 -0.416341 1.86305 -0.671899 1.85245 -1.57221 582 0.202146 -0.275438 2.121 -0.705547 1.73858 -1.69897 
[ INFO] [1517520841.254140853]: iteration number: 16

44
test
---------Moving on to next marker--------
---------Moving on to next marker--------
Num points is:8
 1.46746 0.265945 0.304355
0.217633 0.404019  0.11583
0.395683 0.132206 0.118587
RMSE: 0.0351734
Rigid-body transformation: 
  0.997429  0.0344165 -0.0628494 -0.0374367
-0.0331196   0.999219   0.021562  -0.647959
 0.0635423  -0.019425    0.99779  -0.250197
         0          0          0          1
--------------------------------------------------------------------
After 17 iterations
--------------------------------------------------------------------
Average translation is:
-0.0854661
 -0.584492
 -0.260301
Average transformation is: 
  0.998214  0.0293903 -0.0520047 -0.0854661
-0.0302406    0.99942 -0.0156412  -0.584492
 0.0515149  0.0171859   0.998524  -0.260301
         0          0          0          1
Average RMSE is: 0.0374848
RMSE on average transformation is: 0.0481552
[ INFO] [1517520841.410677823]: Velodyne scan received at 1.51752e+09
[ INFO] [1517520841.410699040]: marker_6dof received at 1.51752e+09


Initial Rot 0.000796274    -0.999999 -0.000796274
           0  0.000796274           -1
           1  0.000796274  6.34053e-07
26 -0.53725 -0.416512 1.86359 -0.671041 1.85202 -1.57177 582 0.20215 -0.27553 2.12102 -0.70849 1.73647 -1.70232 
[ INFO] [1517520841.412754732]: iteration number: 17

45
test
---------Moving on to next marker--------
---------Moving on to next marker--------
Num points is:8
 1.46354   0.2601  0.30132
0.217465 0.414243 0.112643
 0.39451 0.132309 0.122792
RMSE: 0.034973
Rigid-body transformation: 
   0.997655   0.0287706  -0.0621029  -0.0361462
 -0.0281778    0.999549   0.0103996    -0.62751
  0.0623741 -0.00862534    0.998016   -0.261478
          0           0           0           1
--------------------------------------------------------------------
After 18 iterations
--------------------------------------------------------------------
Average translation is:
-0.0827262
 -0.586882
 -0.260366
Average transformation is: 
   0.997949   0.0290478  -0.0570526  -0.0827262
 -0.0292446    0.999569 -0.00261839   -0.586882
   0.056952   0.0042815    0.998368   -0.260366
          0           0           0           1
Average RMSE is: 0.0373453
RMSE on average transformation is: 0.0511071
[ INFO] [1517520841.547558010]: Velodyne scan received at 1.51752e+09
[ INFO] [1517520841.547596741]: marker_6dof received at 1.51752e+09


Initial Rot 0.000796274    -0.999999 -0.000796274
           0  0.000796274           -1
           1  0.000796274  6.34053e-07
26 -0.537318 -0.416562 1.86347 -0.673706 1.84989 -1.57728 582 0.202183 -0.275569 2.12103 -0.709039 1.7386 -1.70003 
[ INFO] [1517520841.549387368]: iteration number: 18

44
test
---------Moving on to next marker--------
---------Moving on to next marker--------
Num points is:8
 1.43255 0.271874  0.32597
 0.18322 0.393405 0.118328
0.387467 0.131836 0.126231
RMSE: 0.0492341
Rigid-body transformation: 
  0.997053  0.0596649 -0.0482141  -0.078336
-0.0578957   0.997626  0.0372959  -0.683416
 0.0503249 -0.0343946    0.99814  -0.259279
         0          0          0          1
--------------------------------------------------------------------
After 19 iterations
--------------------------------------------------------------------
Average translation is:
-0.0824951
 -0.591963
 -0.260309
Average transformation is: 
  0.997618  0.0444041 -0.0527867 -0.0824951
-0.0435418   0.998901  0.0173738  -0.591963
 0.0535001  -0.015034   0.998455  -0.260309
         0          0          0          1
Average RMSE is: 0.037971
RMSE on average transformation is: 0.0723235
[ INFO] [1517520841.677063104]: Velodyne scan received at 1.51752e+09
[ INFO] [1517520841.677086111]: marker_6dof received at 1.51752e+09


Initial Rot 0.000796274    -0.999999 -0.000796274
           0  0.000796274           -1
           1  0.000796274  6.34053e-07
26 -0.537375 -0.41661 1.8638 -0.671259 1.85163 -1.5724 582 0.202142 -0.275468 2.12054 -0.703741 1.73622 -1.6998 
[ INFO] [1517520841.678481462]: iteration number: 19

44
test
---------Moving on to next marker--------
---------Moving on to next marker--------
Num points is:8
 1.46654 0.259257 0.321675
0.209687  0.41497 0.115254
0.396269 0.131508  0.12115
RMSE: 0.0264371
Rigid-body transformation: 
  0.998153  0.0326622 -0.0512216 -0.0639371
 -0.031951   0.999382   0.014642  -0.636674
 0.0516682 -0.0129784    0.99858  -0.259654
         0          0          0          1
--------------------------------------------------------------------
After 20 iterations
--------------------------------------------------------------------
Average translation is:
-0.0815672
 -0.594198
 -0.260276
Average transformation is: 
  0.997903  0.0385334 -0.0520082 -0.0815672
-0.0377477   0.999159  0.0160057  -0.594198
 0.0525812 -0.0140089   0.998518  -0.260276
         0          0          0          1
Average RMSE is: 0.0373943
RMSE on average transformation is: 0.0549833
[ INFO] [1517520841.808026837]: Velodyne scan received at 1.51752e+09
[ INFO] [1517520841.808065629]: marker_6dof received at 1.51752e+09


Initial Rot 0.000796274    -0.999999 -0.000796274
           0  0.000796274           -1
           1  0.000796274  6.34053e-07
26 -0.537374 -0.416633 1.86368 -0.672709 1.8514 -1.574 582 0.202152 -0.275486 2.12055 -0.704821 1.73763 -1.69925 
[ INFO] [1517520841.809933729]: iteration number: 20

44
test
---------Moving on to next marker--------
---------Moving on to next marker--------
Num points is:8
  1.4785 0.263798 0.372246
0.230301  0.38866 0.078532
0.399556 0.130325 0.134638
RMSE: 0.0246569
Rigid-body transformation: 
   0.999995 -0.00271044  -0.0013075   -0.174104
  0.0025665    0.995009   -0.099751   -0.379733
 0.00157134   0.0997472    0.995012   -0.263498
          0           0           0           1
--------------------------------------------------------------------
After 21 iterations
--------------------------------------------------------------------
Average translation is:
-0.0859737
 -0.583985
  -0.26043
Average transformation is: 
   0.99948  0.0171924 -0.0272647 -0.0859737
-0.0183342   0.998941 -0.0421982  -0.583985
 0.0265104  0.0426762   0.998737   -0.26043
         0          0          0          1
Average RMSE is: 0.0367878
RMSE on average transformation is: 0.0895675
[ INFO] [1517520841.951049962]: Velodyne scan received at 1.51752e+09
[ INFO] [1517520841.951105834]: marker_6dof received at 1.51752e+09


Initial Rot 0.000796274    -0.999999 -0.000796274
           0  0.000796274           -1
           1  0.000796274  6.34053e-07
26 -0.537409 -0.416642 1.86389 -0.671917 1.85098 -1.57376 582 0.202136 -0.275482 2.12055 -0.706771 1.73819 -1.69972 
[ INFO] [1517520841.953010205]: iteration number: 21

44
test
---------Moving on to next marker--------
---------Moving on to next marker--------
Num points is:8
  1.4691 0.269869  0.34388
0.216285 0.407617 0.103227
0.398338 0.133709 0.124034
RMSE: 0.029962
Rigid-body transformation: 
  0.999147  0.0253137 -0.0326274  -0.106152
-0.0261069   0.999368 -0.0241209  -0.552664
 0.0319962  0.0249521   0.999176  -0.260708
         0          0          0          1
--------------------------------------------------------------------
After 22 iterations
--------------------------------------------------------------------
Average translation is:
-0.0868909
 -0.582562
 -0.260442
Average transformation is: 
  0.999325  0.0212413 -0.0299646 -0.0868909
-0.0222332   0.999203 -0.0331661  -0.582562
 0.0292362  0.0338099   0.999001  -0.260442
         0          0          0          1
Average RMSE is: 0.0364775
RMSE on average transformation is: 0.0629426
[ INFO] [1517520842.105866274]: Velodyne scan received at 1.51752e+09
[ INFO] [1517520842.105885426]: marker_6dof received at 1.51752e+09


Initial Rot 0.000796274    -0.999999 -0.000796274
           0  0.000796274           -1
           1  0.000796274  6.34053e-07
26 -0.537455 -0.416694 1.8639 -0.672242 1.8504 -1.5746 582 0.202114 -0.275544 2.12074 -0.709805 1.73847 -1.70033 
[ INFO] [1517520842.107307096]: iteration number: 22

45
test
---------Moving on to next marker--------
---------Moving on to next marker--------
Num points is:8
   1.4605  0.284805  0.345459
 0.204742  0.408964 0.0932932
 0.392513  0.135078  0.126743
RMSE: 0.0228554
Rigid-body transformation: 
  0.999008  0.0357097 -0.0266177  -0.121672
-0.0367723     0.9985 -0.0405635  -0.510909
 0.0251293   0.041502   0.998822  -0.266844
         0          0          0          1
--------------------------------------------------------------------
After 23 iterations
--------------------------------------------------------------------
Average translation is:
-0.0884031
 -0.579446
 -0.260721
Average transformation is: 
  0.999195   0.028473 -0.0282778 -0.0884031
-0.0295073   0.998885  -0.036859  -0.579446
 0.0271968  0.0376637    0.99892  -0.260721
         0          0          0          1
Average RMSE is: 0.0358852
RMSE on average transformation is: 0.0694683
[ INFO] [1517520842.253264673]: Velodyne scan received at 1.51752e+09
[ INFO] [1517520842.253290024]: marker_6dof received at 1.51752e+09


Initial Rot 0.000796274    -0.999999 -0.000796274
           0  0.000796274           -1
           1  0.000796274  6.34053e-07
26 -0.537291 -0.416548 1.8635 -0.670271 1.8509 -1.57363 582 0.202113 -0.275513 2.12061 -0.7063 1.73654 -1.70057 
[ INFO] [1517520842.254704462]: iteration number: 23

45
test
---------Moving on to next marker--------
---------Moving on to next marker--------
Num points is:8
  1.46043  0.269209  0.275342
  0.22921  0.402435 0.0982768
 0.392582  0.132849  0.114069
RMSE: 0.0509881
Rigid-body transformation: 
  0.997044  0.0223878 -0.0734928  -0.010355
-0.0236002   0.999599 -0.0156709  -0.565399
 0.0731124   0.017359   0.997173   -0.25353
         0          0          0          1
--------------------------------------------------------------------
After 24 iterations
--------------------------------------------------------------------
Average translation is:
-0.0851511
 -0.578861
 -0.260421
Average transformation is: 
  0.998384  0.0253155 -0.0508824 -0.0851511
-0.0266757     0.9993 -0.0262329  -0.578861
 0.0501827  0.0275478    0.99836  -0.260421
         0          0          0          1
Average RMSE is: 0.0365145
RMSE on average transformation is: 0.0684143
[ INFO] [1517520842.384306271]: Velodyne scan received at 1.51752e+09
[ INFO] [1517520842.384341704]: marker_6dof received at 1.51752e+09


Initial Rot 0.000796274    -0.999999 -0.000796274
           0  0.000796274           -1
           1  0.000796274  6.34053e-07
26 -0.537272 -0.416531 1.86334 -0.670999 1.85204 -1.57182 582 0.202139 -0.275545 2.12082 -0.706828 1.73654 -1.7009 
[ INFO] [1517520842.385873310]: iteration number: 24

46
test
---------Moving on to next marker--------
---------Moving on to next marker--------
Num points is:8
  1.4649 0.270533 0.367258
0.208616 0.407883 0.107595
 0.39816 0.132366 0.133219
RMSE: 0.0373285
Rigid-body transformation: 
  0.999325  0.0310498 -0.0196362  -0.139743
-0.0313426   0.999399 -0.0147824  -0.565952
 0.0191654  0.0153879   0.999698  -0.261888
         0          0          0          1
--------------------------------------------------------------------
After 25 iterations
--------------------------------------------------------------------
Average translation is:
-0.0873348
 -0.578345
  -0.26048
Average transformation is: 
  0.998979  0.0282303 -0.0352718 -0.0873348
-0.0289648    0.99937 -0.0204898  -0.578345
 0.0346712  0.0214905   0.999168   -0.26048
         0          0          0          1
Average RMSE is: 0.0365471
RMSE on average transformation is: 0.0485599
[ INFO] [1517520842.593926229]: Velodyne scan received at 1.51752e+09
[ INFO] [1517520842.593965906]: marker_6dof received at 1.51752e+09


Initial Rot 0.000796274    -0.999999 -0.000796274
           0  0.000796274           -1
           1  0.000796274  6.34053e-07
26 -0.537287 -0.41655 1.86341 -0.67083 1.8517 -1.5719 582 0.202147 -0.275597 2.12114 -0.70989 1.74009 -1.69879 
[ INFO] [1517520842.595932500]: iteration number: 25

44
test
---------Moving on to next marker--------
---------Moving on to next marker--------
Num points is:8
  1.45867  0.270953  0.322468
 0.221937  0.397363 0.0956773
 0.393669  0.133344  0.119872
RMSE: 0.035685
Rigid-body transformation: 
  0.998946  0.0206702 -0.0409938 -0.0857509
-0.0222328   0.999029 -0.0380357  -0.520362
 0.0401678   0.038907   0.998435  -0.258629
         0          0          0          1
--------------------------------------------------------------------
After 26 iterations
--------------------------------------------------------------------
Average translation is:
-0.0872739
 -0.576115
 -0.260408
Average transformation is: 
  0.998973  0.0244629 -0.0381495 -0.0872739
-0.0255869   0.999244 -0.0292591  -0.576115
 0.0374049  0.0302051   0.998844  -0.260408
         0          0          0          1
Average RMSE is: 0.0365139
RMSE on average transformation is: 0.0515926
[ INFO] [1517520842.737274958]: Velodyne scan received at 1.51752e+09
[ INFO] [1517520842.737301301]: marker_6dof received at 1.51752e+09


Initial Rot 0.000796274    -0.999999 -0.000796274
           0  0.000796274           -1
           1  0.000796274  6.34053e-07
26 -0.537375 -0.41662 1.86376 -0.669325 1.85066 -1.57175 582 0.202149 -0.27559 2.12111 -0.711771 1.7392 -1.70061 
[ INFO] [1517520842.740418326]: iteration number: 26

44
test
---------Moving on to next marker--------
---------Moving on to next marker--------
Num points is:8
  1.47821  0.262094  0.314437
 0.213867  0.406661 0.0921243
 0.396107  0.130269  0.121497
RMSE: 0.0191952
Rigid-body transformation: 
  0.998663  0.0205948 -0.0474195 -0.0694305
-0.0223094   0.999106 -0.0359173  -0.524152
 0.0466374  0.0369272   0.998229  -0.271144
         0          0          0          1
--------------------------------------------------------------------
After 27 iterations
--------------------------------------------------------------------
Average translation is:
-0.086613
 -0.57419
-0.260806
Average transformation is: 
   0.99883  0.0225367 -0.0427882  -0.086613
-0.0239405   0.999182 -0.0325845   -0.57419
 0.0420189  0.0335708   0.998553  -0.260806
         0          0          0          1
Average RMSE is: 0.0358725
RMSE on average transformation is: 0.0482847
[ INFO] [1517520842.881226085]: Velodyne scan received at 1.51752e+09
[ INFO] [1517520842.881261389]: marker_6dof received at 1.51752e+09


Initial Rot 0.000796274    -0.999999 -0.000796274
           0  0.000796274           -1
           1  0.000796274  6.34053e-07
26 -0.537271 -0.416538 1.86332 -0.671774 1.85241 -1.57118 582 0.202136 -0.275611 2.1212 -0.712242 1.73693 -1.70324 
[ INFO] [1517520842.883875378]: iteration number: 27

44
test
---------Moving on to next marker--------
---------Moving on to next marker--------
Num points is:8
  1.4817 0.282713 0.346374
0.204607 0.404136 0.107261
 0.39919 0.136296 0.127986
RMSE: 0.0300601
Rigid-body transformation: 
   0.998535   0.0415419  -0.0346738    -0.10583
 -0.0418695    0.999085 -0.00877615   -0.584505
  0.0342775   0.0102151     0.99936   -0.260181
          0           0           0           1
--------------------------------------------------------------------
After 28 iterations
--------------------------------------------------------------------
Average translation is:
-0.0872993
 -0.574558
 -0.260784
Average transformation is: 
  0.998733  0.0320644 -0.0387879 -0.0872993
-0.0328834   0.999246 -0.0206636  -0.574558
 0.0380961  0.0219129   0.999034  -0.260784
         0          0          0          1
Average RMSE is: 0.0356649
RMSE on average transformation is: 0.03493
[ INFO] [1517520843.060230396]: Velodyne scan received at 1.51752e+09
[ INFO] [1517520843.060255514]: marker_6dof received at 1.51752e+09


Initial Rot 0.000796274    -0.999999 -0.000796274
           0  0.000796274           -1
           1  0.000796274  6.34053e-07
26 -0.537397 -0.416648 1.86379 -0.672694 1.85171 -1.57292 582 0.202103 -0.275557 2.12079 -0.710085 1.73774 -1.70104 
[ INFO] [1517520843.061657583]: iteration number: 28

44
test
---------Moving on to next marker--------
---------Moving on to next marker--------
Num points is:8
  1.46673  0.289858  0.338109
 0.211852  0.410033 0.0802946
  0.39318  0.137877  0.126694
RMSE: 0.0250762
Rigid-body transformation: 
   0.99931  0.0270699  -0.025438  -0.124545
-0.0289336   0.996688 -0.0760021  -0.426778
 0.0232964  0.0766857   0.996783  -0.275261
         0          0          0          1
--------------------------------------------------------------------
After 29 iterations
--------------------------------------------------------------------
Average translation is:
-0.0885837
 -0.569463
 -0.261283
Average transformation is: 
  0.999048  0.0294757 -0.0321484 -0.0885837
-0.0310111   0.998349 -0.0483578  -0.569463
 0.0306699  0.0493088   0.998313  -0.261283
         0          0          0          1
Average RMSE is: 0.0352998
RMSE on average transformation is: 0.0877917
[ INFO] [1517520843.262290193]: Velodyne scan received at 1.51752e+09
[ INFO] [1517520843.262319373]: marker_6dof received at 1.51752e+09


Initial Rot 0.000796274    -0.999999 -0.000796274
           0  0.000796274           -1
           1  0.000796274  6.34053e-07
26 -0.537425 -0.416654 1.86377 -0.671705 1.85159 -1.57319 582 0.20219 -0.275621 2.12153 -0.71025 1.74157 -1.69755 
[ INFO] [1517520843.264242404]: iteration number: 29

44
test
---------Moving on to next marker--------
---------Moving on to next marker--------
Num points is:8
 1.44627  0.27921 0.256199
0.210152 0.404388 0.106373
 0.38779  0.13504 0.112358
RMSE: 0.0593807
Rigid-body transformation: 
  0.994892  0.0464286 -0.0896366   0.024548
-0.0450155   0.998829  0.0177231  -0.641903
 0.0903545 -0.0135975   0.995817  -0.255724
         0          0          0          1
--------------------------------------------------------------------
After 30 iterations
--------------------------------------------------------------------
Average translation is:
-0.0848126
 -0.571877
 -0.261098
Average transformation is: 
  0.997429  0.0375001  -0.061059 -0.0848126
-0.0385087   0.999139 -0.0154264  -0.571877
  0.060428   0.017738   0.998015  -0.261098
         0          0          0          1
Average RMSE is: 0.0361025
RMSE on average transformation is: 0.0769798
[ INFO] [1517520843.406194121]: Velodyne scan received at 1.51752e+09
[ INFO] [1517520843.406217877]: marker_6dof received at 1.51752e+09


Initial Rot 0.000796274    -0.999999 -0.000796274
           0  0.000796274           -1
           1  0.000796274  6.34053e-07
26 -0.537235 -0.416506 1.863 -0.674024 1.85448 -1.57187 582 0.2022 -0.27567 2.1218 -0.709465 1.74117 -1.6978 
[ INFO] [1517520843.407954149]: iteration number: 30

44
test
---------Moving on to next marker--------
